2 0.35546875 0.146484375 0.28515625 0.2529296875
1 0.1123046875 0.1572265625 0.1572265625 0.251953125
3 0.140625 0.3427734375 0.18359375 0.11328125
7 0.3291015625 0.3359375 0.158203125 0.095703125
6 0.2783203125 0.5224609375 0.431640625 0.23828125
5 0.765625 0.5283203125 0.46875 0.2783203125
8 0.740234375 0.2802734375 0.4013671875 0.1572265625
2 0.1904296875 0.8623046875 0.279296875 0.2041015625
8 0.5185546875 0.888671875 0.333984375 0.0859375
1 0.408203125 0.7060546875 0.1904296875 0.08984375
3 0.1572265625 0.724609375 0.2236328125 0.0615234375