4 0.46484375 0.28515625 0.38671875 0.2509765625
2 0.14453125 0.46484375 0.1689453125 0.0673828125
2 0.138671875 0.6767578125 0.1767578125 0.0888671875
0 0.1435546875 0.802734375 0.16796875 0.1201171875
5 0.431640625 0.763671875 0.306640625 0.21875
0 0.70703125 0.7490234375 0.212890625 0.2197265625
8 0.8984375 0.6962890625 0.16796875 0.12890625
8 0.4228515625 0.9267578125 0.748046875 0.103515625
7 0.3779296875 0.5849609375 0.09765625 0.0791015625
1 0.66796875 0.5830078125 0.26171875 0.0751953125
5 0.5830078125 0.48046875 0.423828125 0.1005859375