0 0.337890625 0.294921875 0.1416015625 0.189453125
6 0.486328125 0.3916015625 0.125 0.359375
5 0.6552734375 0.4697265625 0.1923828125 0.2568359375
0 0.3125 0.478515625 0.0927734375 0.0615234375
1 0.2080078125 0.3056640625 0.111328125 0.1318359375
2 0.4951171875 0.6630859375 0.1259765625 0.1669921875
2 0.830078125 0.68359375 0.130859375 0.16796875
2 0.8193359375 0.4326171875 0.1240234375 0.1650390625
8 0.6455078125 0.2099609375 0.208984375 0.25
8 0.8154296875 0.2734375 0.1279296875 0.1455078125
7 0.16796875 0.474609375 0.16015625 0.095703125
4 0.232421875 0.7216796875 0.2783203125 0.345703125
8 0.662109375 0.69140625 0.1943359375 0.1064453125
1 0.9169921875 0.5693359375 0.0595703125 0.103515625