0 0.18359375 0.5712890625 0.1494140625 0.134765625
0 0.712890625 0.8330078125 0.12890625 0.0966796875
0 0.4462890625 0.8330078125 0.15234375 0.1494140625
5 0.86328125 0.5537109375 0.17578125 0.1484375
5 0.6181640625 0.6103515625 0.2529296875 0.212890625
4 0.17578125 0.193359375 0.30078125 0.365234375
5 0.4130859375 0.2802734375 0.1533203125 0.1943359375
8 0.65234375 0.412109375 0.59765625 0.1240234375
0 0.2626953125 0.8232421875 0.1611328125 0.1298828125
1 0.8896484375 0.869140625 0.1689453125 0.189453125
8 0.578125 0.9287109375 0.40625 0.08984375
1 0.2421875 0.70703125 0.1240234375 0.095703125
6 0.4228515625 0.6083984375 0.1435546875 0.224609375