4 0.14453125 0.7666015625 0.259765625 0.40234375
7 0.1953125 0.3212890625 0.1083984375 0.126953125
2 0.2294921875 0.1220703125 0.1630859375 0.2197265625
1 0.0693359375 0.1494140625 0.0947265625 0.2333984375
5 0.5703125 0.599609375 0.2216796875 0.3115234375
0 0.556640625 0.861328125 0.185546875 0.1669921875
6 0.380859375 0.583984375 0.1279296875 0.392578125
8 0.5869140625 0.330078125 0.294921875 0.154296875
2 0.810546875 0.322265625 0.1337890625 0.1552734375
8 0.86328125 0.8759765625 0.1298828125 0.09375
2 0.8642578125 0.5810546875 0.16796875 0.1845703125
1 0.9052734375 0.4482421875 0.1005859375 0.0751953125