4 0.140625 0.42578125 0.2080078125 0.2451171875
2 0.3359375 0.5361328125 0.142578125 0.1572265625
4 0.4189453125 0.8310546875 0.2783203125 0.248046875
2 0.3203125 0.23828125 0.1357421875 0.126953125
8 0.59375 0.0732421875 0.3564453125 0.1123046875
0 0.4853515625 0.2109375 0.1650390625 0.0771484375
6 0.4921875 0.333984375 0.1533203125 0.158203125
5 0.685546875 0.2978515625 0.2109375 0.263671875
8 0.7255859375 0.5400390625 0.158203125 0.201171875
8 0.6044921875 0.642578125 0.0986328125 0.056640625
2 0.91015625 0.5390625 0.171875 0.1279296875
0 0.8896484375 0.0830078125 0.2060546875 0.140625