4 0.13671875 0.4228515625 0.201171875 0.234375
4 0.4091796875 0.83984375 0.2763671875 0.2470703125
2 0.3154296875 0.2529296875 0.1376953125 0.123046875
2 0.3349609375 0.5556640625 0.142578125 0.166015625
2 0.900390625 0.58984375 0.189453125 0.1455078125
0 0.728515625 0.60546875 0.1474609375 0.154296875
8 0.6083984375 0.6611328125 0.080078125 0.0458984375
6 0.4853515625 0.3173828125 0.166015625 0.2412109375
5 0.6845703125 0.341796875 0.1943359375 0.2939453125
8 0.5849609375 0.109375 0.3505859375 0.15234375
0 0.8857421875 0.109375 0.2060546875 0.1943359375
1 0.9111328125 0.337890625 0.158203125 0.2275390625
1 0.8955078125 0.4814453125 0.173828125 0.064453125