1 0.3056640625 0.4013671875 0.1484375 0.109375
6 0.4736328125 0.3134765625 0.16015625 0.2607421875
5 0.6640625 0.3173828125 0.19921875 0.267578125
0 0.69921875 0.591796875 0.1494140625 0.1806640625
1 0.9072265625 0.4052734375 0.158203125 0.080078125
4 0.3701171875 0.8427734375 0.2666015625 0.2578125
4 0.1123046875 0.4267578125 0.208984375 0.2734375
8 0.580078125 0.1044921875 0.388671875 0.154296875
0 0.880859375 0.1123046875 0.189453125 0.19140625
2 0.30859375 0.263671875 0.1494140625 0.162109375
2 0.3046875 0.5654296875 0.13671875 0.1396484375
2 0.888671875 0.5908203125 0.21484375 0.1435546875
8 0.56640625 0.6650390625 0.1025390625 0.0576171875