5 0.365234375 0.55078125 0.154296875 0.1474609375
0 0.431640625 0.7490234375 0.1279296875 0.140625
0 0.6298828125 0.2734375 0.1669921875 0.19140625
6 0.5439453125 0.41796875 0.21875 0.150390625
1 0.1875 0.6875 0.1494140625 0.0673828125
1 0.2001953125 0.373046875 0.1591796875 0.14453125
4 0.69140625 0.7822265625 0.3564453125 0.265625
2 0.19921875 0.5556640625 0.13671875 0.1826171875
2 0.1806640625 0.796875 0.142578125 0.134765625
2 0.7958984375 0.576171875 0.1337890625 0.1396484375
2 0.79296875 0.357421875 0.12890625 0.1455078125
1 0.8017578125 0.4580078125 0.1357421875 0.0703125