1 0.1923828125 0.390625 0.1787109375 0.1103515625
5 0.3623046875 0.5478515625 0.1640625 0.1533203125
6 0.533203125 0.42578125 0.2353515625 0.1669921875
0 0.6201171875 0.2646484375 0.162109375 0.158203125
0 0.412109375 0.736328125 0.130859375 0.1357421875
5 0.248046875 0.7001953125 0.0439453125 0.1015625
1 0.171875 0.69140625 0.1455078125 0.076171875
1 0.7958984375 0.45703125 0.107421875 0.0537109375
2 0.1806640625 0.544921875 0.1591796875 0.1865234375
2 0.1533203125 0.79296875 0.1064453125 0.111328125
2 0.7763671875 0.572265625 0.12890625 0.1298828125
2 0.7841796875 0.3486328125 0.1220703125 0.126953125
4 0.6669921875 0.7861328125 0.3466796875 0.2783203125